small.txt
GET
69
0.0566871166229
0.0510060787201
0.0521709918976
0.0506620407104
0.0507991313934
0.0510280132294
0.0518448352814
0.0510540008545
0.0517308712006
0.0520391464233
11069
0.0516819953918
0.0500349998474
0.0517811775208
2.05763196945
0.0739891529083
0.114765882492
2.08637499809
0.0611569881439
0.0813760757446
2.0619559288
12069
2.0518219471
2.05223608017
2.05112290382
2.05701613426
2.05203318596
0.0507700443268
0.0518529415131
2.05124092102
2.05158400536
0.0685939788818
13069
0.0911340713501
0.0729200839996
2.05304980278
2.06883716583
2.13684201241
2.05108094215
2.05169010162
2.0518591404
2.05101490021
2.05129218102
medium.pdf
GET
69
0.07972407341
0.062912940979
0.0626511573792
0.0627648830414
0.0626471042633
0.0620100498199
0.0625429153442
0.0689380168915
0.0741970539093
0.0570058822632
11069
8.07570409775
6.0747179985
4.07412314415
0.068253993988
8.07466602325
4.0743060112
4.07422399521
4.07453393936
4.07414102554
4.18369698524
12069
8.29066419601
10.0801200867
6.07422614098
2.0800640583
10.0744469166
6.08011198044
6.08006882668
10.0801141262
12.0968370438
10.0748450756
13069
10.0800409317
12.0801489353
16.0848081112
10.3204600811
18.0883500576
14.0946161747
10.0754151344
16.0847351551
16.0771410465
10.0784699917
large.jpg
GET
69
0.0616140365601
0.0571389198303
0.0571460723877
0.0569200515747
0.0567669868469
0.0518190860748
0.057156085968
0.0571241378784
0.05695104599
0.0502970218658
11069
0.0525290966034
0.0503580570221
2.05865001678
4.05702400208
2.05726599693
0.0569598674774
0.0570180416107
2.05719017982
2.0571668148
0.0571260452271
12069
2.0572180748
0.0570161342621
2.05717086792
2.05713105202
2.05702114105
2.05733203888
2.12049412727
2.18797397614
4.05722594261
4.05862188339
13069
4.05564808846
0.0569939613342
2.05731487274
2.05703496933
2.05717611313
2.05697798729
4.05717802048
2.05726599693
4.05718207359
2.05693888664
large.jpg
PUT
69
0.00929689407349
0.00717306137085
11069
4.01086711884
6.01037096977
12069
0.00891995429993
8.00999093056
13069
8.01238799095
4.01122903824
GET
69
0.148399829865
0.0686790943146
0.0910551548004
0.0789918899536
0.0570390224457
0.0571451187134
0.0571708679199
0.0570478439331
0.0529589653015
0.0496590137482
11069
2.05870079994
0.0571110248566
0.0570211410522
2.05887079239
0.0554790496826
0.0570321083069
2.05724382401
2.057254076
2.05694484711
2.06927800179
12069
0.0678989887238
2.05717992783
4.05707907677
0.0571491718292
0.0569269657135
2.05741906166
2.05703496933
2.05728697777
2.0570628643
0.0569989681244
13069
2.05724287033
4.05709695816
0.0571098327637
2.05710601807
4.05724096298
2.05715608597
4.0570628643
4.0569870472
2.05715703964
2.05712294579
